[?25l[0m [38;2;0;0;0m                                     [0m
 [38;2;0;0;0m               [38;2;82;97;103m▁[38;2;110;132;141m▁[38;2;84;99;105m▁[38;2;119;141;149m▃[38;2;130;153;161m▃[38;2;87;103;109m▂[38;2;106;126;134m▁[38;2;91;108;114m▁              [0m
 [38;2;0;0;0m              [7m[38;2;71;84;88m▊[0m[38;2;160;179;186;48;2;141;162;169m┈[38;2;200;215;219;48;2;131;154;162m▆[38;2;196;212;216;48;2;131;153;161m▅[38;2;201;216;220;48;2;199;215;219m┈[48;2;201;216;220m [38;2;198;213;217;48;2;141;163;170m▅[38;2;199;214;218;48;2;129;152;160m▆[38;2;170;188;194;48;2;122;145;154m▋[0m[38;2;95;113;120m▎             [0m
 [38;2;0;0;0m              [0m [38;2;99;119;126m▝[38;2;136;158;166;48;2;193;209;214m▌[48;2;201;216;220m    [38;2;121;145;153;48;2;186;203;208m▗[0m[38;2;109;130;138m▘              [0m
 [38;2;0;0;0m              [0m [7m[38;2;107;127;134m▌[0m[38;2;140;161;169;48;2;198;213;218m▘[48;2;201;216;220m    [38;2;193;209;213;48;2;136;158;166m▌[0m[38;2;99;118;126m▖              [0m
 [38;2;0;0;0m              [38;2;111;134;142m▗[38;2;120;143;152;48;2;186;202;207m▘[48;2;201;216;220m     [38;2;201;216;220;48;2;200;215;219m┈[0m[7m[38;2;142;163;171m▝[0m [38;2;35;38;39m             [0m
 [38;2;0;0;0m             [38;2;87;104;110m▗[38;2;95;113;120;48;2;157;176;183m▏[48;2;201;216;220m       [38;2;155;175;181;48;2;200;215;219m▝[0m[38;2;115;136;144m▌             [0m
 [38;2;0;0;0m            [0m [38;2;70;83;87;48;2;145;165;173m▘[38;2;201;216;220;48;2;199;214;219m┈[48;2;201;216;220m   [38;2;146;166;174;48;2;193;209;213m▗[48;2;201;216;220m    [38;2;192;208;212;48;2;136;157;165m▌[0m[38;2;101;120;127m▖            [0m
 [38;2;0;0;0m           [0m [7m[38;2;123;144;151m▘[0m[38;2;169;187;193;48;2;197;213;217m▏[48;2;201;216;220m   [38;2;199;214;218;48;2;172;190;196m▉[38;2;80;96;102;48;2;124;146;154m▁[38;2;139;161;168;48;2;196;212;216m▖[48;2;201;216;220m   [38;2;201;216;220;48;2;200;215;219m┈[0m[7m[38;2;143;164;171m▝[0m [38;2;35;38;39m           [0m
 [38;2;0;0;0m          [0m [7m[38;2;96;113;119m▘[0m[38;2;141;162;170;48;2;198;214;218m▘[48;2;201;216;220m   [38;2;201;216;220;48;2;200;215;219m┈[38;2;141;161;168;48;2;82;97;102m▉[0m[7m[38;2;63;75;79m▇[0m[38;2;45;52;55;48;2;130;152;159m▖[38;2;201;216;220;48;2;197;212;217m┈[48;2;201;216;220m   [38;2;156;176;183;48;2;200;215;219m▝[0m[38;2;116;137;145m▌           [0m
 [38;2;0;0;0m          [38;2;112;134;143m▗[38;2;120;144;152;48;2;186;203;208m▘[48;2;201;216;220m    [38;2;186;202;207;48;2;150;170;176m╴[0m[38;2;95;113;120m▘ [38;2;70;84;89m▝[38;2;91;109;116;48;2;155;175;181m▏[48;2;201;216;220m    [38;2;117;140;149;48;2;180;197;203m▝[0m[38;2;102;122;129m▖          [0m
 [38;2;0;0;0m  [0m [38;2;112;134;143m▂[38;2;109;130;138m▃[38;2;115;138;147m▂[0m [38;2;70;82;86m  [38;2;88;105;111m▗[38;2;95;114;121;48;2;158;177;183m▏[48;2;201;216;220m    [38;2;198;213;217;48;2;170;188;194m▉[38;2;166;185;191;48;2;93;110;116m▇[0m[38;2;169;187;193m▇[38;2;170;189;194m▇[38;2;171;189;195m▇[38;2;172;190;196;48;2;105;124;131m▇[38;2;201;216;220;48;2;200;215;219m┈[48;2;201;216;220m   [48;2;200;215;219m┈[0m[7m[38;2;144;165;172m▝[0m [38;2;35;38;39m [38;2;90;107;113m▃[38;2;148;168;175m▄[38;2;151;171;177m▅[38;2;148;168;175m▄[38;2;104;123;130m▃[0m [38;2;35;38;39m  [0m
  [38;2;124;144;151m▄[38;2;187;203;208;48;2;158;175;181m┈[38;2;192;205;208;48;2;144;164;172m▇[38;2;201;216;220;48;2;199;215;219m┈[38;2;139;145;146;48;2;186;200;204m▁[38;2;169;187;193;48;2;95;113;120m▇[0m[38;2;117;140;149m▖[0m [38;2;71;84;89;48;2;145;166;173m▘[38;2;201;216;220;48;2;199;215;219m┈[48;2;201;216;220m               [38;2;158;177;184;48;2;200;215;219m▝[0m[7m[38;2;104;122;129m▝[0m[38;2;129;152;160m▗[38;2;135;157;165;48;2;188;203;207m▘[38;2;129;135;136;48;2;187;200;203m╌[38;2;108;114;117;48;2;198;213;218m▂[38;2;207;217;220;48;2;189;202;206m┈[38;2;152;158;159;48;2;183;198;202m╴[0m[7m[38;2;148;168;175m▝[0m [38;2;71;83;88m [0m
 [7m[38;2;105;125;133m▌[0m[38;2;146;167;174;48;2;194;209;213m▘[38;2;137;146;149;48;2;177;190;193m╌[38;2;168;181;184;48;2;187;200;204m╷[38;2;84;89;90;48;2;158;170;173m┚[38;2;142;152;154;48;2;187;201;205m─[38;2;160;171;174;48;2;177;190;194m╶[38;2;186;203;208;48;2;144;163;170m╴[0m[7m[38;2;127;148;156m▘[0m[38;2;170;188;194;48;2;198;213;217m▏[48;2;201;216;220m    [38;2;144;164;171;48;2;199;214;219m▃[0m[7m[38;2;169;187;193m▁[38;2;172;190;195m▂[38;2;169;187;193m▂[38;2;167;185;191m▂▂[38;2;167;186;192m▂[0m[38;2;78;94;99;48;2;169;187;193m▂[38;2;201;216;220;48;2;196;212;216m┊[48;2;201;216;220m    [38;2;118;141;150;48;2;183;200;205m▝[38;2;114;137;146m▘[38;2;193;207;211;48;2;183;196;200m┊[38;2;187;201;205;48;2;169;181;184m▇[38;2;113;121;123;48;2;175;187;191m╵[38;2;144;154;157;48;2;195;210;213m╸[38;2;166;177;181;48;2;178;191;194m╶[38;2;195;210;214;48;2;166;185;191m▉[0m[38;2;113;135;143m▋ [0m
 [7m[38;2;117;141;150m▍[0m[38;2;201;216;220;48;2;199;214;218m┊[48;2;201;216;220m     [38;2;140;162;169;48;2;194;210;214m╻[38;2;159;178;185;48;2;200;215;220m▘[38;2;183;200;205;48;2;201;216;220m╻   [38;2;133;155;163;48;2;196;212;216m▗[0m[38;2;124;147;156m▘      [7m[38;2;75;90;95m▊[0m[38;2;126;149;158;48;2;193;209;213m▌[48;2;201;216;220m   [38;2;185;202;206;48;2;193;209;213m╴[48;2;201;216;220m [38;2;156;176;183;48;2;190;206;211m▖[48;2;201;216;220m     [38;2;199;214;218;48;2;161;180;186m▉[0m[38;2;110;132;140m▋ [0m
 [7m[38;2;90;108;115m▋[0m[38;2;135;157;165;48;2;191;207;212m▍[48;2;201;216;220m [38;2;159;178;184;48;2;191;207;212m╴[38;2;139;160;168;48;2;198;213;217m▁[38;2;201;216;220;48;2;200;215;219m┈[48;2;201;216;220m [38;2;141;163;170;48;2;182;199;204m▗[48;2;201;216;220m [38;2;151;171;178;48;2;190;206;211m▗[48;2;201;216;220m   [38;2;145;166;173;48;2;83;98;104m▊[0m [38;2;35;38;39m      [0m [38;2;68;81;86;48;2;139;160;168m▍[48;2;201;216;220m   [38;2;140;162;169;48;2;196;211;215m▍[38;2;198;213;218;48;2;168;187;193m▉[38;2;145;166;173;48;2;196;212;216m▍[38;2;175;193;198;48;2;201;216;220m▁[38;2;151;171;178m▃[38;2;136;157;165;48;2;190;206;211m╶[38;2;153;173;180;48;2;196;212;216m╸[48;2;201;216;220m [38;2;177;195;200;48;2;143;162;168m╴[0m[38;2;77;91;96m▘ [0m
  [7m[38;2;92;108;115m▖[0m[38;2;130;152;160;48;2;193;209;213m▖[38;2;181;198;203;48;2;201;216;220m▂[38;2;201;216;220;48;2;170;188;194m▇[48;2;151;171;178m▅[38;2;153;173;180;48;2;186;203;208m▗[38;2;164;183;189;48;2;191;207;212m▝[38;2;140;161;169;48;2;184;201;206m╸[38;2;135;157;165;48;2;187;204;208m┚[48;2;201;216;220m  [38;2;198;213;217;48;2;158;176;183m╴[0m[38;2;111;133;141m▘       [0m [38;2;82;98;104m▝[38;2;55;65;68;48;2;144;165;171m▖[38;2;162;181;187;48;2;199;215;219m▖[48;2;201;216;220m [38;2;148;169;176;48;2;190;206;211m╹[38;2;198;213;217;48;2;158;177;184m▅[38;2;129;152;160;48;2;189;206;210m▗[38;2;190;206;210;48;2;154;174;180m▆[38;2;175;193;198;48;2;200;215;219m▁[38;2;161;180;186;48;2;201;216;220m▂[38;2;174;192;197;48;2;189;206;210m╶[0m[7m[38;2;156;176;182m▗[0m[38;2;96;115;122m▘  [0m
 [38;2;0;0;0m [0m [38;2;104;125;132m▝[38;2;61;73;77;48;2;156;175;182m▃[38;2;124;146;155;48;2;176;194;199m▂[38;2;169;187;193;48;2;184;201;206m▝[38;2;201;216;220;48;2;160;179;186m▄[38;2;164;183;189;48;2;201;216;220m▘ [38;2;136;158;165;48;2;199;214;218m▁[38;2;200;215;219;48;2;163;181;187m╴[0m[7m[38;2;140;160;167m▃[0m[38;2;83;98;104m▘          [0m [7m[38;2;103;122;129m▅[38;2;154;173;180m▃[38;2;169;187;192m▁[0m[38;2;118;142;151;48;2;195;211;215m▂[38;2;122;145;154;48;2;197;212;217m▂[38;2;119;143;152;48;2;181;198;203m▂[38;2;83;98;104;48;2;160;180;186m▁[0m[7m[38;2;150;169;175m▂[38;2;118;139;147m▅[0m [38;2;35;38;39m   [0m
 [38;2;0;0;0m   [0m [7m[38;2;85;101;108m▇[38;2;101;121;128m▅[38;2;134;156;164m▅[38;2;139;161;168m▅[38;2;123;145;153m▅[38;2;107;128;136m▆[0m [38;2;35;38;39m              [0m   [7m[38;2;94;112;119m▇[38;2;77;91;96m▇[0m [38;2;35;38;39m      [0m
 [38;2;0;0;0m                                     [0m
[?25h